30 0.05 0.05
50 0.10 0.10
70 0.15 0.15
100 0.20 0.20
140 0.30 0.30
200 0.35 0.35
300 0.50 0.50
400 0.70 0.70
500 0.90 0.90
600 1.10 1.10
700 1.30 1.30
800 1.50 1.50
900 1.70 1.70
1000 1.90 1.90
1100 2.10 2.10
1200 2.30 2.30
1300 2.50 2.50
1400 2.70 2.70
1500 2.90 2.90
1600 3.10 3.10
1700 3.20 3.20
1800 3.50 3.50
1900 3.70 3.70
2000 3.90 3.90
2100 4.10 4.10
2200 4.30 4.30
2300 4.50 4.50
2400 4.70 4.70
2500 4.90 4.90
2600 5.10 5.10
2700 5.30 5.30
2800 5.50 5.50
2900 5.70 5.70
3000 5.90 5.90
3100 6.10 6.10
3200 6.30 6.30
3300 6.50 6.50
3400 6.70 6.70
3500 6.90 6.90
3600 7.10 7.10
3700 7.30 7.30
3800 7.50 7.50
3900 7.70 7.70
4000 7.90 7.90
